Zeitreihen fuer Gebietsmittel fuer Bundeslaender und Kombinationen von Bundeslaender, erstellt am: 20240302
Jahr;winter;Brandenburg/Berlin;Brandenburg;Baden-Wuerttemberg;Bayern;Hessen;Mecklenburg-Vorpommern;Niedersachsen;Niedersachsen/Hamburg/Bremen;Nordrhein-Westfalen;Rheinland-Pfalz;Schleswig-Holstein;Saarland;Sachsen;Sachsen-Anhalt;Thueringen/Sachsen-Anhalt;Thueringen;Deutschland;
1952;winter;   151.6;   151.9;   170.0;   124.5;   101.0;   154.2;   129.8;   129.9;   125.6;   134.0;   145.7;   155.2;   149.6;   145.8;   133.4;   117.9;   136.8;
1953;winter;   106.6;   106.6;   145.1;   135.4;   107.8;    95.7;    88.6;    88.4;   107.6;   127.4;    82.2;   138.9;   123.9;    93.9;   100.4;   108.6;   113.8;
1954;winter;   241.3;   241.4;   168.6;   200.3;   197.4;   215.1;   189.4;   189.6;   203.3;   193.9;   192.2;   206.9;   238.9;   204.2;   202.2;   199.6;   201.7;
1955;winter;   187.1;   187.0;   155.1;   156.0;   132.4;   150.0;   168.7;   168.6;   140.9;   128.0;   161.7;   124.8;   212.4;   176.4;   167.6;   156.5;   159.7;
1956;winter;   172.7;   173.2;   200.9;   214.2;   193.8;   166.3;   166.6;   166.7;   175.9;   200.9;   174.2;   215.5;   186.1;   163.1;   167.0;   171.9;   186.2;
1957;winter;   136.7;   137.2;   194.4;   176.9;   151.6;   154.9;   120.6;   120.6;   138.5;   170.7;   136.8;   196.2;   158.4;   126.0;   131.9;   139.3;   153.6;
1958;winter;   198.6;   198.9;   170.3;   177.9;   138.4;   190.5;   149.1;   149.2;   136.4;   156.4;   176.9;   155.4;   181.0;   183.3;   174.7;   164.0;   168.1;
1959;winter;   170.4;   171.0;   270.5;   253.3;   200.8;   157.8;   154.9;   154.9;   188.8;   217.7;   175.1;   261.4;   225.0;   169.8;   184.8;   203.7;   205.5;
1960;winter;   153.1;   153.5;   184.5;   161.6;   109.5;   129.6;   104.0;   103.9;   125.3;   139.6;   104.4;   130.2;   160.5;   126.7;   119.8;   111.1;   138.6;
1961;winter;   167.8;   168.1;   176.5;   172.4;   138.8;   139.1;   133.9;   133.7;   163.1;   160.0;   137.3;   154.9;   193.2;   158.2;   160.8;   164.1;   159.8;
1962;winter;   178.2;   178.4;   182.6;   182.7;   170.1;   174.4;   141.1;   140.9;   158.5;   182.9;   175.2;   188.1;   185.7;   173.7;   172.8;   171.6;   172.0;
1963;winter;   188.7;   189.0;   222.1;   224.1;   211.0;   194.2;   199.9;   199.8;   203.8;   221.1;   209.7;   244.1;   177.7;   166.5;   178.4;   193.4;   205.2;
1964;winter;   217.0;   217.2;   213.8;   237.4;   198.5;   202.3;   166.3;   166.0;   199.0;   187.2;   174.3;   180.0;   254.9;   211.0;   220.9;   233.3;   208.7;
1965;winter;   114.6;   114.7;   148.5;   141.2;   119.3;   123.9;   110.2;   110.3;   122.1;   143.4;   147.4;   149.4;   117.9;   112.9;   112.0;   111.0;   127.5;
1966;winter;    89.3;    89.7;   152.3;   152.3;    95.8;    99.3;   100.3;   100.4;   103.5;   127.2;   109.6;   147.3;   117.8;    93.6;    97.9;   103.4;   117.9;
1967;winter;   135.1;   135.4;   193.2;   183.0;   141.1;   116.0;   123.0;   123.0;   127.1;   164.4;   132.4;   177.2;   166.5;   143.7;   143.1;   142.4;   151.4;
1968;winter;   127.4;   127.6;   167.2;   145.7;   108.5;   151.3;   118.2;   118.6;   102.0;   129.4;   142.0;   151.8;   122.1;   132.8;   129.6;   125.6;   132.8;
1969;winter;   127.3;   127.5;   159.0;   166.1;   110.8;   120.9;   117.2;   117.5;   126.7;   126.9;   119.7;   124.7;   164.8;   123.7;   125.9;   128.6;   137.0;
1970;winter;   117.0;   117.1;   102.1;   119.1;    82.5;   127.8;    99.1;    99.1;   101.8;    90.6;   106.7;    99.9;   119.1;   100.1;   100.0;   100.0;   107.1;
1971;winter;   156.1;   156.2;   173.5;   179.5;   120.2;   145.1;   129.4;   129.6;   133.3;   134.3;   149.2;   156.7;   173.9;   145.3;   146.9;   148.8;   152.4;
1972;winter;   115.3;   115.3;   155.4;   170.3;   114.8;   104.6;   105.5;   105.4;   136.3;   122.1;   108.5;   141.9;   137.8;   112.9;   122.1;   133.5;   132.4;
1973;winter;   154.4;   154.5;   190.1;   175.5;   158.3;   141.3;   136.0;   135.8;   167.1;   187.5;   124.3;   210.7;   185.6;   169.8;   176.6;   185.2;   165.3;
1974;winter;   134.8;   134.9;   132.7;   146.5;   113.8;   131.0;   139.9;   140.2;   140.7;   131.7;   142.4;   130.8;   130.6;   129.7;   126.6;   122.7;   135.8;
1975;winter;   174.9;   174.8;   238.2;   243.7;   194.6;   194.6;   175.2;   175.2;   205.9;   221.7;   162.2;   220.9;   182.5;   171.6;   174.6;   178.3;   203.2;
1976;winter;   168.9;   168.8;   151.4;   152.9;   113.9;   180.5;   129.1;   129.5;   137.4;   128.4;   148.5;   132.8;   150.7;   139.8;   134.8;   128.5;   145.4;
1977;winter;   111.6;   111.7;   131.5;   139.1;   110.9;   105.6;   114.6;   114.4;   142.0;   120.2;    91.0;   107.8;   120.5;   126.4;   125.7;   124.7;   123.4;
1978;winter;   132.5;   132.4;   128.7;   129.0;   103.4;   116.7;   115.0;   115.1;   152.5;   112.2;   114.2;   103.5;   127.7;   116.0;   115.1;   114.0;   124.1;
1979;winter;   130.5;   130.3;   141.6;   157.6;   138.0;   119.3;   100.6;   100.8;   133.4;   147.9;   115.0;   130.7;   134.9;   115.2;   127.1;   142.2;   133.1;
1980;winter;   129.7;   129.6;   170.6;   187.4;   147.1;   113.4;   122.4;   122.3;   146.6;   156.3;   116.0;   158.0;   155.1;   133.9;   141.2;   150.3;   149.4;
1981;winter;   149.7;   149.7;   204.7;   185.5;   153.1;   148.8;   136.4;   136.5;   147.7;   176.7;   143.4;   191.2;   144.2;   150.0;   148.1;   145.8;   161.7;
1982;winter;   187.9;   187.6;   174.9;   179.2;   174.5;   172.2;   172.4;   172.2;   199.3;   176.1;   145.7;   165.2;   207.6;   183.2;   188.2;   194.5;   180.5;
1983;winter;   137.1;   137.0;   155.3;   162.6;   127.9;   134.4;   129.5;   129.4;   146.7;   144.5;   139.7;   135.0;   131.9;   144.4;   139.8;   134.0;   143.7;
1984;winter;   170.1;   170.2;   166.7;   184.4;   131.5;   165.3;   160.5;   160.3;   171.9;   151.7;   148.7;   152.2;   188.0;   155.6;   153.1;   150.0;   165.9;
1985;winter;   167.1;   167.0;   202.2;   186.2;   180.2;   161.5;   153.2;   153.2;   195.7;   188.4;   148.7;   186.0;   171.5;   166.5;   176.0;   188.0;   177.4;
1986;winter;   161.5;   161.5;   154.9;   170.7;   145.6;   151.7;   158.6;   158.7;   160.7;   166.0;   149.8;   170.7;   154.9;   147.1;   143.8;   139.5;   158.3;
1987;winter;   149.0;   149.2;   134.6;   141.6;   120.5;   165.5;   151.7;   152.3;   130.2;   131.9;   171.6;   127.0;   147.9;   141.4;   138.6;   135.1;   142.9;
1988;winter;   137.2;   137.2;   153.1;   147.7;   111.3;   108.1;   104.0;   103.8;   134.7;   135.4;    96.2;   140.3;   142.3;   127.3;   123.0;   117.6;   129.8;
1989;winter;   172.0;   172.0;   168.4;   133.4;   109.4;   151.5;   165.6;   165.3;   174.2;   116.2;   144.8;    99.5;   193.8;   187.3;   176.5;   162.8;   155.2;
1990;winter;   188.0;   188.2;   236.9;   232.4;   146.0;   159.9;   151.0;   150.8;   162.2;   170.1;   132.3;   167.7;   219.1;   181.4;   175.0;   167.0;   186.7;
1991;winter;   186.5;   186.6;   195.1;   217.1;   173.6;   187.0;   179.4;   179.3;   194.5;   192.9;   175.2;   210.9;   216.6;   193.8;   189.6;   184.3;   194.5;
1992;winter;   139.2;   139.2;   195.8;   162.8;   131.5;   138.2;   137.6;   137.5;   163.9;   151.5;   132.5;   174.2;   164.0;   157.2;   152.7;   147.0;   154.6;
1993;winter;   179.2;   179.0;   185.3;   180.7;   163.1;   163.1;   151.2;   150.9;   183.2;   151.5;   133.5;   136.1;   221.8;   184.6;   186.8;   189.4;   173.8;
1994;winter;   129.4;   129.3;   136.3;   143.8;   109.9;   113.0;   113.4;   113.4;   116.2;   112.5;   119.6;   103.7;   139.1;   132.4;   123.7;   112.7;   125.7;
1995;winter;   172.0;   171.7;   151.1;   146.8;   122.4;   156.1;   158.3;   158.3;   157.2;   132.0;   153.2;   124.0;   162.7;   183.9;   164.4;   139.8;   153.1;
1996;winter;   179.6;   179.3;   161.1;   160.3;   148.4;   177.6;   177.8;   177.9;   178.4;   137.5;   167.3;   144.7;   193.8;   169.4;   169.4;   169.2;   168.2;
1997;winter;   198.9;   198.9;   197.2;   188.9;   155.0;   187.9;   172.8;   172.8;   170.6;   151.5;   169.8;   151.3;   219.0;   197.7;   192.0;   184.8;   183.4;
1998;winter;   166.4;   166.2;   226.5;   219.4;   171.5;   151.7;   146.2;   145.9;   173.1;   189.1;   129.4;   200.3;   184.7;   176.7;   175.2;   173.2;   182.0;
1999;winter;   175.7;   175.5;   182.9;   173.6;   138.0;   153.1;   137.6;   137.5;   130.2;   148.0;   149.2;   147.4;   191.3;   178.5;   176.9;   174.9;   160.9;
2000;winter;   168.8;   168.7;   167.9;   162.3;   126.8;   162.0;   157.7;   157.6;   141.2;   147.0;   155.5;   143.7;   155.3;   178.4;   163.7;   145.2;   157.2;
2001;winter;   178.1;   178.0;   204.3;   203.0;   170.9;   169.7;   150.9;   150.3;   180.6;   175.9;   127.6;   170.5;   199.9;   187.0;   186.3;   185.4;   180.8;
2002;winter;   188.3;   188.0;   197.4;   191.7;   158.0;   158.9;   167.8;   167.6;   180.3;   179.8;   154.6;   189.5;   210.4;   189.0;   184.0;   177.8;   181.4;
2003;winter;   216.7;   216.4;   213.6;   222.5;   219.8;   187.6;   195.9;   195.8;   236.0;   230.4;   174.6;   231.7;   228.7;   203.8;   202.1;   199.9;   213.0;
2004;winter;   177.5;   176.8;   197.0;   178.9;   136.9;   156.7;   144.1;   144.4;   132.7;   149.2;   158.4;   150.4;   168.5;   171.7;   164.1;   154.4;   162.9;
2005;winter;   153.8;   154.0;   187.9;   191.7;   165.2;   151.3;   157.1;   157.1;   182.0;   173.4;   162.6;   168.3;   161.7;   171.8;   172.8;   174.2;   172.4;
2006;winter;   180.3;   180.2;   202.3;   193.4;   163.7;   161.0;   155.5;   155.4;   170.4;   160.6;   152.7;   157.6;   198.2;   184.8;   182.9;   180.6;   177.4;
2007;winter;   153.6;   153.7;   225.3;   200.6;   124.9;   127.5;   112.1;   111.9;   117.0;   149.4;   101.7;   151.2;   171.5;   159.3;   154.9;   149.4;   156.3;
2008;winter;   176.9;   176.8;   304.6;   276.6;   208.7;   136.8;   162.6;   162.0;   215.0;   240.0;   118.3;   243.4;   215.4;   195.0;   198.6;   203.1;   216.1;
2009;winter;   126.8;   126.7;   208.7;   205.6;   181.0;   122.7;   146.2;   146.0;   184.6;   187.0;   133.0;   199.5;   157.5;   138.3;   148.9;   162.2;   169.7;
2010;winter;   111.4;   111.5;   138.5;   124.6;    87.9;    99.2;   100.2;   100.1;   100.3;    97.4;   106.8;    93.1;   128.8;   111.5;   105.5;    98.0;   111.2;
2011;winter;   162.4;   162.7;   162.1;   169.6;   126.8;   136.3;   133.7;   133.8;   132.7;   127.4;   141.7;   125.4;   196.2;   166.6;   167.1;   167.8;   152.4;
2012;winter;   178.5;   178.6;   200.0;   191.0;   171.2;   170.8;   157.2;   157.3;   159.3;   190.9;   173.8;   196.9;   178.3;   179.7;   172.8;   164.1;   177.6;
2013;winter;    79.9;    80.0;   110.5;   105.8;    71.3;    77.7;    92.0;    92.0;    82.3;    83.7;    94.3;    82.3;    91.3;    90.2;    85.0;    78.2;    91.3;
2014;winter;   205.0;   205.0;   224.7;   212.3;   155.6;   170.4;   167.8;   167.5;   194.2;   168.6;   146.9;   147.6;   226.4;   192.2;   186.0;   177.9;   191.3;
2015;winter;   166.2;   166.1;   150.5;   145.1;   118.4;   144.9;   141.0;   140.9;   147.0;   120.5;   127.2;   106.1;   173.1;   163.4;   156.5;   147.5;   145.6;
2016;winter;   179.0;   179.0;   209.0;   184.9;   139.2;   156.5;   167.5;   167.0;   190.0;   161.8;   135.0;   153.4;   184.7;   175.3;   167.2;   156.5;   174.8;
2017;winter;   180.0;   180.2;   265.2;   245.8;   201.5;   150.5;   163.0;   162.7;   212.5;   205.0;   134.0;   200.3;   228.1;   190.7;   203.2;   219.5;   206.2;
2018;winter;   198.1;   197.8;   170.4;   180.1;   155.1;   170.7;   168.8;   169.1;   168.6;   170.1;   172.0;   161.7;   195.7;   182.9;   170.3;   153.9;   174.7;
2019;winter;   183.3;   183.3;   227.5;   213.9;   187.6;   165.1;   184.3;   184.2;   197.4;   214.1;   175.3;   227.3;   194.9;   201.1;   197.6;   193.1;   198.1;
2020;winter;   170.3;   170.3;   261.0;   234.6;   155.1;   144.7;   137.1;   136.8;   145.7;   175.4;   118.8;   175.3;   178.5;   178.8;   177.1;   174.9;   182.0;
2021;winter;   169.0;   169.2;   197.5;   201.7;   148.6;   146.5;   150.1;   150.1;   159.8;   168.7;   150.9;   170.8;   194.8;   166.3;   161.6;   155.4;   172.0;
2022;winter;   143.3;   143.5;   228.5;   194.0;   141.9;   144.2;   139.1;   139.0;   142.2;   170.9;   154.1;   179.8;   152.0;   146.0;   144.0;   141.3;   164.0;
2023;winter;   133.0;   133.0;   191.4;   185.0;   146.1;   134.1;   157.9;   158.0;   154.6;   175.2;   148.1;   180.2;   136.4;   142.8;   145.0;   148.0;   160.2;
2024;winter;   133.4;   133.3;   200.8;   193.3;   139.2;   117.5;   111.4;   111.2;   132.4;   155.6;   105.4;   137.9;   149.9;   140.8;   141.0;   141.1;   150.0;
