Zeitreihen fuer Gebietsmittel fuer Bundeslaender und Kombinationen von Bundeslaender, erstellt am: 20230902
Jahr;summer;Brandenburg/Berlin;Brandenburg;Baden-Wuerttemberg;Bayern;Hessen;Mecklenburg-Vorpommern;Niedersachsen;Niedersachsen/Hamburg/Bremen;Nordrhein-Westfalen;Rheinland-Pfalz;Schleswig-Holstein;Saarland;Sachsen;Sachsen-Anhalt;Thueringen/Sachsen-Anhalt;Thueringen;Deutschland;
1951;summer;   711.7;   712.0;   678.5;   677.3;   629.8;   707.8;   610.4;   611.5;   573.4;   630.0;   660.7;   674.9;   698.8;   626.7;   625.6;   624.3;   653.1;
1952;summer;   722.5;   722.3;   799.5;   750.8;   689.1;   697.9;   596.0;   596.3;   591.8;   700.9;   621.5;   786.3;   735.2;   675.1;   676.6;   678.5;   693.6;
1953;summer;   700.5;   700.5;   657.4;   660.9;   641.5;   747.8;   617.8;   618.6;   555.2;   612.9;   700.3;   679.3;   679.8;   628.8;   619.7;   608.2;   648.5;
1954;summer;   556.7;   556.8;   567.6;   545.8;   511.9;   536.9;   492.0;   492.3;   445.8;   534.7;   522.8;   592.8;   574.7;   507.5;   502.3;   495.7;   525.3;
1955;summer;   651.6;   650.8;   565.6;   550.9;   552.1;   739.1;   625.3;   627.0;   564.1;   588.3;   777.4;   664.6;   517.8;   538.3;   510.8;   476.1;   591.7;
1956;summer;   570.6;   570.9;   539.4;   542.1;   466.3;   631.9;   470.4;   471.5;   403.6;   472.7;   604.8;   537.8;   501.9;   496.0;   474.8;   448.2;   512.8;
1957;summer;   670.1;   670.3;   628.4;   630.7;   627.9;   678.3;   622.5;   623.0;   601.4;   635.7;   694.7;   673.4;   641.9;   633.7;   631.9;   629.6;   636.9;
1958;summer;   663.6;   663.5;   668.6;   651.2;   591.2;   647.3;   545.8;   546.3;   537.7;   607.1;   616.8;   628.7;   628.7;   592.7;   590.3;   587.2;   613.7;
1959;summer;   734.7;   734.9;   709.5;   679.8;   765.2;   804.4;   759.0;   759.7;   732.6;   766.1;   843.6;   810.8;   667.9;   710.4;   707.8;   704.5;   731.4;
1960;summer;   623.1;   623.0;   592.4;   583.6;   553.7;   625.6;   512.6;   513.2;   493.9;   525.8;   596.7;   550.2;   586.5;   590.2;   583.7;   575.6;   568.0;
1961;summer;   590.7;   590.9;   664.6;   636.9;   557.8;   606.0;   525.0;   526.0;   484.3;   583.5;   605.0;   658.0;   573.3;   566.1;   559.6;   551.3;   584.1;
1962;summer;   595.4;   595.8;   790.7;   724.9;   617.2;   614.7;   484.7;   485.0;   486.0;   671.1;   579.2;   750.0;   606.6;   552.4;   569.9;   592.0;   620.7;
1963;summer;   725.4;   725.6;   631.8;   661.1;   596.6;   736.1;   577.7;   577.7;   540.3;   594.8;   650.4;   627.1;   665.1;   642.8;   636.4;   628.3;   635.2;
1964;summer;   724.7;   724.1;   778.4;   725.6;   712.0;   716.5;   619.3;   618.8;   637.4;   729.4;   636.8;   786.8;   689.3;   700.1;   706.9;   715.5;   699.5;
1965;summer;   643.0;   642.8;   574.5;   578.1;   513.5;   661.9;   541.2;   542.2;   466.5;   509.4;   632.3;   535.1;   594.4;   587.3;   574.2;   557.7;   568.1;
1966;summer;   641.8;   641.8;   557.2;   544.5;   525.4;   679.0;   563.1;   563.8;   514.2;   544.4;   639.8;   570.9;   586.8;   593.1;   572.2;   546.0;   570.8;
1967;summer;   712.3;   712.1;   697.8;   687.0;   650.3;   708.2;   614.7;   614.6;   618.8;   663.6;   648.7;   718.8;   655.5;   636.5;   637.8;   639.5;   663.7;
1968;summer;   715.8;   715.8;   583.6;   584.9;   550.0;   778.8;   629.8;   631.4;   526.8;   513.7;   751.5;   549.2;   608.1;   629.4;   606.8;   578.4;   613.6;
1969;summer;   709.3;   709.2;   625.1;   629.5;   604.3;   737.1;   605.3;   606.0;   571.2;   585.5;   695.0;   601.4;   647.9;   651.5;   643.5;   633.5;   635.2;
1970;summer;   772.5;   772.5;   641.7;   660.5;   622.9;   817.9;   670.5;   671.7;   638.0;   631.2;   791.2;   650.1;   680.9;   681.1;   665.1;   645.0;   681.0;
1971;summer;   715.9;   715.5;   695.8;   704.2;   660.3;   722.4;   615.2;   615.5;   619.9;   664.6;   660.2;   681.3;   670.4;   659.3;   668.1;   679.1;   673.1;
1972;summer;   651.4;   651.3;   574.1;   593.7;   540.3;   695.2;   568.1;   569.4;   487.9;   535.3;   659.2;   576.6;   597.2;   580.4;   566.9;   550.0;   583.6;
1973;summer;   766.8;   767.0;   635.7;   662.3;   685.4;   802.5;   692.9;   694.0;   684.8;   679.7;   764.4;   704.8;   717.2;   701.2;   692.2;   680.9;   697.1;
1974;summer;   574.1;   574.0;   603.8;   589.3;   564.0;   624.4;   579.7;   580.9;   546.4;   597.4;   680.6;   613.6;   537.2;   549.1;   543.5;   536.5;   582.2;
1975;summer;   762.3;   762.2;   647.9;   635.1;   688.1;   851.6;   769.5;   770.8;   681.0;   701.8;   848.5;   716.8;   652.0;   724.9;   696.3;   660.3;   708.0;
1976;summer;   802.8;   802.7;   747.5;   736.5;   768.7;   832.2;   807.7;   808.6;   778.2;   778.3;   874.7;   811.1;   737.5;   785.1;   776.9;   766.6;   778.1;
1977;summer;   533.6;   533.2;   553.4;   549.8;   444.4;   565.2;   486.5;   487.7;   423.1;   466.9;   596.5;   508.7;   433.2;   459.7;   442.6;   421.0;   503.2;
1978;summer;   605.3;   605.1;   621.4;   603.0;   510.7;   622.4;   539.1;   540.0;   484.6;   523.9;   606.3;   554.0;   539.2;   538.4;   527.6;   513.9;   565.3;
1979;summer;   587.4;   587.1;   585.1;   541.5;   492.3;   579.4;   497.5;   498.2;   446.6;   513.2;   554.9;   569.1;   538.0;   507.1;   501.9;   495.4;   529.5;
1980;summer;   536.7;   536.4;   493.2;   516.7;   461.0;   533.0;   489.2;   489.6;   440.1;   421.5;   517.3;   423.1;   496.3;   516.5;   506.7;   494.4;   494.8;
1981;summer;   520.6;   521.1;   548.9;   538.1;   469.7;   532.5;   442.3;   442.8;   425.5;   476.6;   494.3;   507.2;   494.5;   465.0;   463.2;   460.9;   494.2;
1982;summer;   758.5;   758.4;   605.9;   609.0;   613.7;   766.2;   654.9;   655.5;   588.2;   596.3;   721.6;   610.9;   667.2;   689.9;   668.2;   641.0;   649.6;
1983;summer;   815.9;   815.7;   726.9;   723.0;   723.5;   815.5;   740.8;   741.6;   694.4;   713.0;   815.9;   755.4;   734.9;   754.4;   743.3;   729.3;   743.5;
1984;summer;   540.0;   540.1;   637.8;   587.6;   544.6;   527.1;   471.6;   471.4;   514.0;   579.7;   494.9;   634.8;   525.9;   513.8;   519.7;   527.0;   545.1;
1985;summer;   620.4;   620.3;   692.5;   657.7;   562.6;   625.1;   562.8;   563.0;   551.6;   588.7;   591.1;   634.2;   605.9;   599.4;   596.7;   593.2;   611.5;
1986;summer;   702.3;   702.2;   664.4;   644.3;   612.6;   729.1;   624.1;   624.9;   616.0;   613.0;   677.1;   628.8;   624.4;   640.5;   625.7;   607.1;   646.3;
1987;summer;   535.2;   535.2;   531.0;   507.8;   466.6;   499.8;   439.6;   439.6;   435.2;   500.4;   431.0;   508.8;   495.2;   491.5;   482.8;   471.9;   486.5;
1988;summer;   607.4;   607.1;   645.0;   610.7;   557.9;   552.4;   474.7;   474.5;   479.6;   575.6;   483.3;   649.7;   585.3;   572.7;   573.2;   573.8;   563.7;
1989;summer;   717.7;   717.8;   657.6;   581.7;   641.6;   720.2;   639.0;   639.2;   645.5;   649.7;   659.3;   700.6;   653.3;   683.9;   668.5;   649.1;   648.0;
1990;summer;   663.1;   663.0;   677.7;   664.9;   613.9;   622.3;   565.0;   565.0;   584.2;   637.1;   593.8;   697.3;   660.9;   624.8;   616.4;   605.8;   629.5;
1991;summer;   699.9;   699.1;   735.4;   676.8;   645.2;   653.0;   605.8;   606.4;   586.1;   672.8;   647.8;   730.2;   666.6;   662.3;   651.3;   637.4;   658.9;
1992;summer;   774.3;   773.9;   633.7;   641.5;   613.0;   805.2;   646.0;   646.9;   594.6;   596.5;   725.2;   641.9;   694.2;   697.9;   659.8;   611.8;   663.1;
1993;summer;   583.7;   583.6;   646.9;   614.7;   610.2;   590.9;   519.6;   519.4;   545.4;   643.3;   557.9;   700.0;   595.6;   577.0;   571.5;   564.6;   588.3;
1994;summer;   774.2;   773.0;   722.1;   732.3;   709.5;   809.0;   716.3;   716.8;   668.5;   714.7;   775.7;   732.8;   727.5;   744.5;   719.8;   688.7;   729.7;
1995;summer;   751.3;   751.1;   628.4;   614.6;   686.6;   786.5;   727.4;   728.2;   684.1;   671.2;   791.6;   704.9;   693.9;   726.1;   695.4;   656.8;   688.9;
1996;summer;   595.5;   595.1;   670.3;   642.9;   609.6;   602.3;   567.9;   567.9;   575.6;   650.4;   600.4;   683.6;   577.3;   576.0;   571.0;   564.8;   608.5;
1997;summer;   737.8;   737.3;   602.3;   615.7;   635.6;   765.9;   685.4;   686.1;   624.7;   622.8;   760.0;   647.1;   655.9;   689.2;   653.2;   607.8;   658.8;
1998;summer;   580.0;   579.6;   632.5;   602.1;   549.6;   542.8;   502.7;   503.1;   491.6;   562.9;   560.1;   606.0;   587.4;   551.7;   543.7;   533.7;   561.7;
1999;summer;   668.6;   668.3;   630.3;   605.6;   640.8;   709.4;   643.4;   643.9;   638.1;   639.8;   701.6;   679.0;   586.1;   630.8;   610.7;   585.4;   636.6;
2000;summer;   572.9;   572.5;   699.3;   677.9;   606.1;   535.1;   511.3;   511.2;   551.6;   644.5;   539.9;   710.4;   586.4;   573.9;   576.1;   578.8;   600.2;
2001;summer;   625.4;   625.1;   707.8;   677.7;   641.5;   637.8;   607.3;   607.3;   616.1;   658.5;   641.5;   684.0;   604.8;   615.0;   614.1;   613.0;   643.2;
2002;summer;   605.9;   605.7;   641.7;   639.8;   544.0;   628.6;   535.1;   535.8;   501.8;   533.6;   619.3;   566.9;   578.4;   566.7;   551.4;   532.1;   583.9;
2003;summer;   779.9;   779.1;   844.6;   845.7;   814.4;   755.1;   731.4;   730.9;   744.4;   810.1;   735.4;   837.9;   797.6;   796.9;   802.4;   809.4;   793.3;
2004;summer;   623.0;   622.6;   616.2;   623.8;   571.8;   598.5;   558.1;   557.9;   556.5;   584.1;   579.6;   589.7;   618.7;   601.6;   594.9;   586.4;   595.2;
2005;summer;   655.4;   655.1;   656.1;   621.9;   615.7;   661.0;   576.9;   577.2;   595.3;   643.9;   619.5;   665.0;   636.7;   631.3;   626.4;   620.2;   624.5;
2006;summer;   772.7;   772.1;   739.9;   719.9;   704.7;   785.9;   711.5;   712.1;   685.5;   715.8;   763.7;   724.6;   726.1;   747.4;   730.9;   710.0;   728.2;
2007;summer;   604.0;   603.7;   616.1;   641.4;   553.4;   576.1;   533.4;   533.3;   521.2;   568.5;   573.1;   577.1;   613.6;   592.5;   585.8;   577.4;   585.5;
2008;summer;   683.9;   683.3;   638.9;   639.3;   621.9;   709.0;   615.3;   615.4;   580.7;   608.0;   669.1;   603.1;   645.6;   674.5;   658.2;   637.7;   639.4;
2009;summer;   687.3;   687.1;   683.7;   641.8;   624.4;   709.1;   661.6;   661.9;   632.9;   668.4;   691.8;   714.9;   611.5;   661.4;   632.9;   597.0;   656.8;
2010;summer;   739.3;   739.0;   641.8;   636.9;   680.4;   731.5;   686.7;   686.6;   665.6;   685.6;   673.2;   701.1;   684.3;   695.6;   681.6;   664.1;   676.1;
2011;summer;   608.8;   608.7;   603.8;   582.2;   507.3;   575.0;   492.2;   492.4;   482.7;   525.9;   537.1;   542.2;   598.0;   569.9;   556.8;   540.3;   553.0;
2012;summer;   612.8;   612.7;   662.9;   646.3;   568.6;   591.0;   558.1;   558.3;   539.7;   587.5;   596.1;   602.6;   613.3;   582.6;   576.3;   568.4;   600.2;
2013;summer;   761.6;   761.8;   754.7;   735.8;   700.1;   788.6;   698.5;   699.2;   648.6;   722.4;   741.4;   745.3;   719.3;   742.6;   721.3;   693.4;   725.2;
2014;summer;   691.1;   691.2;   625.4;   638.7;   616.1;   707.6;   616.4;   617.3;   574.6;   621.6;   693.3;   629.4;   642.2;   647.2;   634.9;   618.9;   637.1;
2015;summer;   730.2;   730.1;   727.8;   733.6;   677.0;   710.7;   638.0;   638.0;   651.3;   693.0;   655.5;   709.5;   720.9;   704.9;   697.4;   687.6;   696.9;
2016;summer;   671.0;   670.9;   651.8;   638.5;   579.4;   648.8;   583.1;   583.2;   557.9;   571.7;   594.1;   575.7;   649.2;   658.3;   640.4;   617.1;   619.3;
2017;summer;   661.1;   661.0;   710.8;   720.3;   608.2;   632.4;   566.7;   567.2;   556.5;   642.7;   594.3;   669.6;   682.9;   625.3;   626.1;   627.2;   643.9;
2018;summer;   823.2;   823.1;   789.1;   779.6;   774.0;   819.3;   746.9;   747.0;   740.8;   782.6;   761.7;   816.5;   772.1;   808.4;   787.7;   760.7;   778.6;
2019;summer;   807.4;   807.2;   809.5;   787.0;   769.3;   776.7;   704.3;   703.9;   740.2;   802.8;   673.5;   840.3;   791.2;   768.0;   759.7;   748.8;   767.4;
2020;summer;   693.0;   692.5;   710.5;   695.6;   640.2;   710.4;   634.5;   635.7;   600.0;   659.6;   710.1;   694.3;   653.0;   668.5;   651.5;   629.4;   669.3;
2021;summer;   666.8;   666.7;   625.2;   645.7;   577.5;   683.0;   568.7;   569.3;   540.9;   593.5;   628.4;   602.3;   622.9;   605.5;   588.1;   565.4;   612.5;
2022;summer;   792.4;   792.1;   894.6;   840.5;   848.5;   794.3;   768.5;   768.6;   790.1;   875.3;   756.6;   904.1;   786.5;   806.2;   806.6;   807.1;   817.3;
2023;summer;   694.2;   693.6;   770.1;   752.3;   716.1;   714.4;   683.5;   683.9;   674.5;   732.9;   720.7;   753.3;   703.8;   689.8;   696.7;   705.7;   717.2;
