Zeitreihen fuer Gebietsmittel fuer Bundeslaender und Kombinationen von Bundeslaender, erstellt am: 20231202
Jahr;autumn;Brandenburg/Berlin;Brandenburg;Baden-Wuerttemberg;Bayern;Hessen;Mecklenburg-Vorpommern;Niedersachsen;Niedersachsen/Hamburg/Bremen;Nordrhein-Westfalen;Rheinland-Pfalz;Schleswig-Holstein;Saarland;Sachsen;Sachsen-Anhalt;Thueringen/Sachsen-Anhalt;Thueringen;Deutschland;
1951;autumn;   465.3;   465.6;   377.0;   405.3;   377.6;   459.5;   401.4;   402.0;   370.2;   388.1;   410.8;   406.5;   423.6;   421.9;   407.2;   388.8;   406.1;
1952;autumn;   223.4;   223.6;   254.9;   231.4;   209.5;   284.9;   232.2;   232.7;   227.6;   244.2;   267.1;   253.3;   218.4;   222.6;   212.3;   199.3;   234.9;
1953;autumn;   397.0;   396.6;   399.9;   393.9;   351.1;   355.3;   313.5;   313.2;   331.7;   343.3;   292.3;   367.3;   396.9;   353.6;   353.6;   353.5;   361.6;
1954;autumn;   322.8;   322.8;   357.5;   355.8;   279.8;   294.1;   265.2;   264.9;   280.8;   295.0;   259.9;   300.3;   341.2;   296.1;   291.4;   285.4;   310.0;
1955;autumn;   342.2;   342.2;   363.5;   329.1;   331.7;   338.8;   313.3;   313.2;   330.0;   355.0;   329.9;   396.6;   336.8;   319.9;   319.0;   317.9;   333.9;
1956;autumn;   368.8;   369.2;   334.8;   340.9;   271.3;   363.0;   311.8;   312.4;   274.0;   287.5;   368.3;   323.8;   368.9;   335.7;   320.3;   301.0;   327.3;
1957;autumn;   269.7;   269.8;   341.4;   304.3;   238.6;   263.9;   238.0;   238.4;   226.3;   268.3;   273.7;   307.7;   284.6;   248.2;   245.7;   242.6;   272.0;
1958;autumn;   320.6;   320.5;   310.7;   286.3;   272.9;   315.2;   284.8;   284.9;   281.2;   283.8;   317.3;   293.9;   306.5;   292.4;   287.4;   281.1;   294.6;
1959;autumn;   486.8;   487.5;   506.7;   503.8;   488.5;   452.5;   441.9;   441.4;   490.5;   485.2;   444.6;   513.7;   538.2;   484.1;   496.5;   512.1;   486.1;
1960;autumn;   284.4;   284.7;   296.6;   313.5;   251.3;   302.4;   243.2;   243.6;   239.7;   256.6;   274.5;   252.8;   282.7;   267.9;   258.6;   246.9;   275.9;
1961;autumn;   379.8;   379.9;   409.9;   423.2;   329.7;   394.8;   302.3;   302.4;   307.9;   330.0;   355.1;   356.0;   383.4;   335.8;   338.5;   341.8;   364.1;
1962;autumn;   309.0;   309.6;   396.5;   399.2;   333.3;   312.9;   298.5;   298.5;   298.3;   346.9;   313.8;   373.9;   360.0;   321.3;   335.8;   354.0;   343.1;
1963;autumn;   327.8;   328.0;   344.0;   342.5;   287.8;   306.8;   291.3;   291.0;   294.9;   309.1;   282.0;   322.9;   351.0;   321.9;   320.0;   317.6;   317.9;
1964;autumn;   332.5;   332.4;   304.0;   308.9;   310.8;   346.1;   313.7;   313.9;   322.8;   322.7;   336.3;   319.8;   329.0;   310.7;   308.2;   305.1;   318.0;
1965;autumn;   372.9;   372.6;   341.6;   373.0;   321.8;   375.7;   352.2;   352.2;   375.6;   347.5;   355.9;   360.5;   391.7;   353.8;   353.6;   353.4;   361.2;
1966;autumn;   277.6;   277.8;   348.4;   317.3;   273.2;   285.2;   249.7;   249.7;   257.4;   313.4;   269.9;   339.0;   279.7;   259.1;   261.3;   264.0;   287.9;
1967;autumn;   298.9;   299.0;   367.6;   360.3;   267.3;   290.3;   251.0;   250.8;   284.2;   297.3;   259.1;   283.7;   300.2;   276.3;   274.4;   271.9;   303.4;
1968;autumn;   264.7;   264.6;   290.6;   283.1;   228.1;   243.4;   211.7;   211.7;   242.7;   255.1;   212.7;   252.4;   262.5;   238.0;   236.6;   234.9;   252.4;
1969;autumn;   379.8;   379.8;   381.6;   400.6;   314.9;   363.6;   315.5;   315.4;   342.3;   329.4;   336.4;   346.8;   392.4;   324.8;   333.1;   343.6;   357.9;
1970;autumn;   288.4;   288.4;   370.5;   349.8;   285.9;   287.5;   271.9;   272.0;   306.2;   317.9;   300.4;   329.7;   298.4;   263.6;   270.7;   279.7;   309.4;
1971;autumn;   366.5;   366.4;   446.2;   419.4;   373.7;   335.4;   336.9;   336.7;   373.3;   410.4;   337.0;   438.5;   376.7;   360.3;   369.4;   380.9;   382.6;
1972;autumn;   322.4;   322.4;   399.8;   359.4;   331.3;   341.2;   313.3;   313.8;   325.5;   368.2;   360.6;   382.2;   318.7;   308.8;   317.1;   327.5;   342.4;
1973;autumn;   335.5;   335.8;   386.9;   381.1;   328.9;   342.9;   287.7;   288.0;   308.4;   368.0;   299.0;   394.7;   357.5;   323.0;   332.0;   343.2;   342.3;
1974;autumn;   250.0;   250.1;   230.7;   271.9;   196.5;   249.7;   220.9;   220.9;   203.6;   205.9;   227.2;   195.9;   256.6;   245.4;   239.1;   231.1;   236.2;
1975;autumn;   304.1;   304.3;   313.3;   317.0;   274.9;   313.1;   300.2;   300.3;   311.4;   281.6;   295.1;   269.2;   309.8;   290.7;   291.9;   293.5;   303.8;
1976;autumn;   241.5;   241.1;   275.6;   256.5;   222.0;   202.9;   195.6;   195.6;   230.5;   254.5;   185.3;   265.0;   233.7;   213.2;   216.8;   221.4;   232.5;
1977;autumn;   302.7;   302.4;   308.3;   290.0;   257.2;   288.8;   273.3;   273.3;   278.2;   268.6;   285.5;   273.3;   295.3;   292.5;   285.1;   275.8;   285.9;
1978;autumn;   224.4;   224.6;   342.7;   270.6;   215.2;   222.5;   208.2;   207.9;   251.5;   260.6;   217.8;   266.3;   256.6;   232.6;   234.8;   237.6;   250.2;
1979;autumn;   371.7;   371.7;   353.1;   362.3;   344.5;   385.9;   347.6;   348.0;   349.2;   351.0;   356.4;   341.9;   348.3;   358.7;   354.8;   349.9;   357.0;
1980;autumn;   321.1;   320.9;   332.6;   295.2;   280.0;   342.1;   298.6;   299.4;   300.0;   312.6;   337.6;   301.3;   293.4;   292.5;   285.7;   277.2;   306.2;
1981;autumn;   300.3;   300.0;   280.0;   277.6;   260.9;   303.7;   290.0;   290.2;   270.2;   275.1;   299.4;   274.9;   261.5;   282.9;   275.1;   265.2;   281.3;
1982;autumn;   390.1;   389.6;   328.5;   338.1;   298.7;   347.9;   288.6;   288.3;   301.3;   300.9;   272.3;   291.4;   388.0;   355.5;   351.5;   346.5;   328.4;
1983;autumn;   302.3;   302.7;   385.4;   373.1;   310.9;   298.2;   299.9;   299.7;   329.8;   334.2;   298.1;   342.8;   335.9;   314.7;   323.6;   334.9;   333.0;
1984;autumn;   273.1;   272.9;   288.4;   284.6;   185.6;   269.2;   251.7;   252.1;   217.4;   205.1;   255.5;   188.2;   286.6;   260.8;   250.0;   236.3;   256.6;
1985;autumn;   294.7;   294.8;   404.5;   369.1;   323.2;   275.3;   270.8;   270.7;   314.3;   364.2;   255.7;   382.7;   318.0;   286.5;   299.7;   316.2;   324.1;
1986;autumn;   343.3;   343.3;   391.8;   380.0;   315.6;   328.4;   293.6;   293.6;   320.4;   335.2;   277.9;   346.5;   356.5;   327.1;   327.9;   329.0;   339.8;
1987;autumn;   293.6;   293.6;   324.1;   308.7;   256.6;   309.1;   271.5;   271.6;   267.7;   265.6;   277.2;   274.5;   276.7;   272.1;   271.6;   271.0;   287.5;
1988;autumn;   296.2;   296.2;   282.1;   270.9;   229.6;   317.5;   248.2;   248.6;   232.4;   255.0;   281.8;   277.9;   267.8;   266.0;   257.0;   245.7;   266.3;
1989;autumn;   388.3;   388.2;   372.5;   363.1;   338.2;   388.6;   350.4;   350.7;   354.1;   373.6;   352.0;   411.4;   375.5;   373.7;   366.2;   356.8;   365.4;
1990;autumn;   314.1;   314.1;   329.4;   311.1;   252.9;   278.1;   259.5;   259.2;   260.8;   285.6;   252.6;   319.3;   317.5;   295.7;   279.1;   258.3;   289.0;
1991;autumn;   415.7;   415.3;   332.0;   340.1;   319.6;   367.5;   339.1;   339.1;   328.2;   318.7;   335.7;   327.6;   430.0;   407.1;   397.0;   384.3;   354.1;
1992;autumn;   326.9;   326.9;   267.8;   259.0;   279.9;   351.0;   299.6;   300.0;   296.8;   284.4;   316.0;   280.8;   318.3;   318.2;   302.0;   281.6;   293.6;
1993;autumn;   237.1;   237.0;   241.6;   259.9;   226.2;   221.7;   242.4;   242.4;   264.6;   217.8;   220.9;   210.9;   278.6;   229.9;   233.1;   237.2;   243.6;
1994;autumn;   310.3;   309.8;   300.5;   316.5;   272.2;   293.3;   270.3;   270.4;   276.4;   285.2;   283.3;   276.0;   326.6;   314.3;   306.9;   297.6;   296.2;
1995;autumn;   332.9;   332.6;   288.0;   282.1;   232.6;   318.6;   294.6;   294.9;   269.1;   251.8;   319.4;   256.1;   308.2;   310.2;   288.8;   261.9;   288.9;
1996;autumn;   255.1;   254.9;   282.0;   238.6;   222.5;   315.2;   280.0;   280.8;   258.2;   253.5;   328.6;   254.4;   187.2;   235.9;   216.2;   191.4;   255.9;
1997;autumn;   353.4;   353.3;   441.7;   421.3;   362.5;   325.9;   337.2;   336.6;   370.3;   395.3;   325.0;   437.6;   370.4;   364.8;   367.6;   371.1;   378.0;
1998;autumn;   218.0;   218.2;   228.9;   223.8;   175.0;   209.7;   194.1;   194.1;   200.0;   194.7;   193.0;   183.9;   215.3;   201.2;   193.0;   182.6;   207.0;
1999;autumn;   381.6;   381.0;   367.7;   361.6;   330.2;   386.5;   358.0;   358.4;   342.3;   345.4;   367.5;   348.1;   347.7;   372.3;   356.6;   336.9;   359.6;
2000;autumn;   323.5;   323.1;   296.6;   282.5;   219.4;   288.3;   261.6;   261.6;   247.2;   222.7;   252.2;   206.7;   315.9;   303.1;   287.6;   268.0;   275.1;
2001;autumn;   232.5;   232.5;   302.1;   265.9;   216.1;   216.3;   205.2;   205.2;   229.9;   252.2;   218.8;   262.8;   240.8;   227.0;   230.2;   234.1;   241.2;
2002;autumn;   318.1;   318.1;   287.0;   283.6;   259.3;   320.0;   292.2;   292.5;   275.5;   280.8;   310.0;   301.2;   278.2;   305.9;   287.8;   265.0;   289.5;
2003;autumn;   400.3;   400.0;   422.9;   388.2;   371.1;   399.0;   393.9;   394.6;   392.4;   396.6;   418.6;   400.6;   389.3;   381.4;   369.2;   353.8;   393.7;
2004;autumn;   370.5;   370.5;   322.2;   339.4;   336.0;   372.4;   357.9;   358.0;   348.4;   335.5;   362.8;   330.8;   357.4;   369.7;   362.2;   352.8;   349.6;
2005;autumn;   469.0;   468.9;   416.6;   395.5;   411.7;   453.9;   443.0;   443.4;   434.6;   416.9;   445.7;   411.7;   465.1;   453.0;   444.3;   433.3;   431.0;
2006;autumn;   417.7;   417.4;   408.8;   430.7;   383.3;   373.7;   351.3;   350.8;   362.0;   373.9;   329.6;   358.8;   426.5;   415.7;   414.0;   411.9;   393.5;
2007;autumn;   289.6;   289.6;   343.3;   302.5;   273.5;   298.6;   266.5;   267.0;   257.5;   308.9;   319.5;   335.2;   262.8;   281.6;   271.1;   257.8;   290.6;
2008;autumn;   276.4;   276.5;   304.2;   298.6;   236.9;   276.6;   266.8;   266.9;   263.8;   256.7;   261.4;   257.2;   286.0;   264.8;   261.2;   256.6;   275.9;
2009;autumn;   333.1;   332.8;   340.6;   332.9;   263.7;   311.9;   280.8;   281.0;   273.9;   291.9;   305.9;   308.2;   320.4;   310.0;   292.9;   271.5;   307.3;
2010;autumn;   301.8;   302.2;   348.5;   325.3;   275.2;   293.7;   257.0;   257.4;   259.8;   304.0;   297.8;   311.7;   325.0;   299.3;   292.2;   283.4;   299.3;
2011;autumn;   467.9;   467.6;   474.0;   457.7;   428.3;   392.1;   386.9;   386.2;   427.9;   421.5;   333.4;   401.8;   501.6;   453.6;   460.5;   469.2;   436.4;
2012;autumn;   369.4;   369.4;   360.0;   344.3;   329.1;   329.3;   304.2;   303.8;   319.8;   344.3;   268.0;   348.0;   368.4;   356.9;   354.2;   350.6;   337.3;
2013;autumn;   271.1;   271.4;   290.0;   279.0;   248.1;   297.2;   265.6;   266.0;   256.2;   270.9;   297.4;   273.1;   272.4;   262.2;   256.9;   250.0;   272.6;
2014;autumn;   315.1;   315.1;   313.3;   278.6;   239.7;   319.4;   301.8;   302.3;   300.6;   272.2;   317.9;   286.6;   312.8;   311.2;   299.5;   284.3;   296.2;
2015;autumn;   346.2;   345.9;   324.0;   308.3;   267.0;   330.6;   295.1;   295.4;   290.2;   268.8;   310.5;   255.6;   328.6;   318.6;   303.0;   282.6;   306.7;
2016;autumn;   345.7;   345.3;   358.0;   354.0;   313.9;   345.6;   318.5;   318.7;   342.7;   342.3;   335.0;   349.7;   320.0;   316.2;   307.3;   295.8;   336.9;
2017;autumn;   266.1;   265.9;   311.6;   271.2;   225.2;   253.4;   228.8;   229.1;   239.4;   269.0;   253.8;   267.3;   250.1;   253.5;   240.7;   224.0;   257.1;
2018;autumn;   440.5;   440.5;   487.6;   464.0;   420.7;   426.1;   414.0;   413.8;   426.7;   454.8;   375.4;   490.8;   432.8;   427.5;   420.5;   411.5;   438.8;
2019;autumn;   339.7;   339.5;   344.8;   338.5;   284.2;   283.9;   285.8;   285.8;   281.9;   298.5;   271.2;   305.6;   359.7;   334.3;   324.6;   312.0;   314.3;
2020;autumn;   352.5;   352.6;   392.8;   377.0;   348.1;   331.3;   334.0;   334.1;   347.3;   353.1;   342.2;   354.2;   392.4;   367.8;   369.9;   372.7;   360.3;
2021;autumn;   319.1;   318.8;   427.0;   403.1;   321.6;   275.2;   286.3;   286.2;   331.9;   369.1;   277.4;   399.0;   354.6;   325.5;   327.8;   330.8;   345.0;
2022;autumn;   406.2;   405.4;   356.2;   346.5;   345.4;   369.9;   382.2;   382.0;   380.0;   348.7;   338.4;   333.2;   395.7;   402.7;   389.6;   372.5;   368.6;
2023;autumn;   389.0;   388.8;   428.1;   445.2;   361.2;   356.1;   331.4;   331.4;   361.5;   396.2;   321.8;   405.6;   387.5;   370.4;   369.7;   368.7;   385.4;
